{
  "y": 3110.90625,
  "x": 112,
  "width": 588.421875,
  "height": 256
}